122
123
124
125
126
127
128
129
130
131
132
133
134
135
136
137
138
139
141
142
143
144
145
146
147
148
149
150
151
152
153
154
155
156
157
158
159
160
161
162
163
167
169
170
171
172
173
174
175
176
177
178
179
180
181
182
183
184
185
186
187
189
190
191
192
193
194
195
196
198
199
200
201
202
203
204
205
206
208
209
210
211
212
213
214
215
216
217
218
219
220
221
223
225
227
228
229
230
231
232
233
234
235
236
237
238
239
240
241
242
243
244
245
246
247
248
249
250
251
252
253
254
256
259
260
261
262
263
265
266
267
268
269
270
272
273
274
275
277
278
279
280
281
282
286
287
288
289
290
294
296
298
299
302
303
304
305
306
307
308
309
310
311
312
313
314
315
316
317
318
319
320
321
322
323
324
325
326
327
328
329
330
331
332
334
335
336
337
338
339
340
341
342
343
344
345
346
347
348
349
350
351
352
353
354
356
357
358
360
361
362
363
364
365
366
367
368
369
370
371
372
373
374
375
376
377
379
380
382
383
384
385
386
387
388
389
390
391
393
394
395
396
397
398
400
401
402
403
404
405
406
408
409
411
412
413
414
415
416
417
418
419
420
421
423
424
425
428
429
430
431
432
433
435
436
438
439
440
442
443
444
445
446
447
448
449
450
451
452
453
454
455
456
457
458
459
460
461
462
463
464
465
466
467
468
469
470
471
472
474
475
476
478
480
481
482
483
484
485
486
487
488
489
492
493
494
495
496
498
499
500
501
502
503
504
505
506
508
509
510
512
513
514
516
517
520
521
522
523
524
527
528
529
530
531
532
533
534
536
538
541
542
543
544
545
546
547
548
550
553
554
555
556
557
558
559
560
561
562
563
564
565
566
567
568
569
570
571
572
573
575
576
578
579
580
581
582
583
584
585
586
587
590
591
592
593
594
595
596
597
599
600
601
602
604
605
606
607
608
609
610
611
612
613
614
615
616
617
618
619
620
621
622
623
624
625
627
628
630
631
632
633
635
636
637
638
639
640
641
642
643
644
645
646
647
648
650
652
653
654
655
657
658
659
660
662
663
664
665
666
667
669
670
671
672
673
674
675
677
679
681
682
683
685
686
687
688
689
690
691
692
694
696
698
699
700
701
702
704
705
706
707
708
709
711
712
713
714
715
716
717
718
719
720
721
722
723
724
725
726
727
728
729
730
731
732
733
734
735
736
737
738
740
741
742
743
744
745
746
747
748
749
750
751
752
753
754
755
756
758
759
760
761
762
763
764
765
766
767
768
769
770
771
772
773
774
777
778
781
782
783
784
786
787
788
789
790
791
792
793
794
795
796
797
798
800
801
802
803
804
805
807
808
809
810
811
813
814
815
816
817
818
819
820
821
822
823
824
825
826
827
828
829
831
832
833
834
835
836
837
838
839
840
841
842
843
844
845
846
847
848
849
850
851
853
854
855
857
858
859
862
863
864
865
866
870
871
872
874
875
876
879
880
881
882
883
884
885
886
887
888
889
890
891
892
893
894
895
896
897
898
899
900
901
902
903
904
906
908
909
910
911
913
915
916
917
921
925
926
927
928
929
930
931
932
933
934
935
936
937
938
939
940
941
942
943
944
945
947
948
950
953
954
955
956
957
958
959
960
961
963
965
967
968
970
971
972
973
974
975
976
978
979
982
983
984
985
986
987
988
990
991
992
993
994
995
997
1000
1004
1005
1006
1007
1008
1009
1010
1011
1012
1013
1014
1015
1016
1038
1039
1041
1042
1043
1044
1045
1046
1047
1050
1051
1053
1055
1056
1060
1061
1064
1067
1068
1069
1070
1071
1072
1073
1074
1075
1078
1079
1080
1081
1082
1083
1084
1085
1086
1087
1088
1089
1091
1092
1093
1094
1096
1097
1098
1100
1101
1103
1104
1105
1106
1107
1108
1109
1110
1111
1112
1116
1119
1120
1122
1123
1124
1126
1127
1128
1129
1130
1131
1132
1133
1134
1135
1138
1139
1142
1143
1144
1145
1147
1149
1151
1152
1153
1155
1156
1157
1158
1159
1160
1161
1162
1164
1167
1168
1169
1170
1171
1172
1173
1175
1176
1177
1179
1180
1182
1183
1184
1185
1186
1188
1189
1190
1192
1194
1195
1196
1197
1198
1200
1202
1203
1204
1205
1206
1208
1209
1210
1211
1212
1213
1215
1216
1217
1218
1220
1221
1222
1223
1224
1225
1227
1229
1230
1231
1232
1234
1235
1236
1238
1239
1240
1241
1242
1243
1244
1245
1246
1247
1248
1250
1251
1253
1254
1255
1256
1258
1259
1262
1266
1267
1269
1272
1278
1281
1282
1284
1285
1287
1288
1289
1290
1291
1293
1294
1295
1296
1297
1299
1303
1304
1305
1306
1307
1309
1311
1312
1313
1317
1318
1319
1320
1321
1322
1323
1324
1325
1326
1328
1330
1335
1336
1338
1339
1340
1341
1342
1344
1345
1348
1349
1350
1352
1355
1357
1359
1360
1361
1364
1365
1366
1367
1372
1374
1375
1377
1378
1381
1382
1384
1387
1388
1389
1390
1391
1392
1397
1398
1399
1405
1406
1407
1408
1409
1410
1411
1413
1415
1417
1419
1420
1422
1425
1428
1429
1430
1431
1432
1433
1435
1437
1442
1443
1444
1445
1446
1447
1448
1449
1450
1451
1452
1453
1454
1455
1456
1458
1459
1460
1461
1462
1463
1464
1465
1466
1469
1470
1471
1472
1473
1474
1475
1477
1479
1480
1481
1482
1483
1484
1486
1489
1491
1492
1493
1494
1496
1497
1502
1505
1506
1507
1509
1510
1511
1512
1513
1515
1519
1521
1522
1523
1524
1525
1527
1528
1529
1530
1533
1535
1536
1537
1539
1540
1541
1544
1545
1546
1547
1548
1550
1551
1552
1553
1554
1555
1556
1559
1562
1563
1565
1566
1570
1571
1572
1573
1575
1576
1578
1579
1581
1582
1583
1584
1586
1588
1591
1592
1601
1607
1608
1615
1619
1620
1624
1625
1627
1628
1630
1631
1632
1641
1642
1643
1647
1651
1653
1671
1687
1688
1689
1690
1694
1696
1697
1698
1700
1702
1705
1706
1707
1708
1709
1711
1715
1718
1723
1727
1730
1731
1738
1743
1745
1780
1786
1802
1810
1819
1833
1835
1836
1837
1838
1856
1857
1864
1869
1876
1877
1881
1883
1884
1887
1897
1898
1900
1902
1904
1910
1917
1918
1922
1923
1924
1927
1928
1929
1930
1931
1934
1937
1938
1939
1940
1944
1945
1946
1948
1949
1950
1951
1956
1957
1961
1964
1968
1973
1975
1978
1980
1981
1982
1984
1985
1988
1991
1997
2005
2009
2010
2011
2012
2013
2016
2017
2018
2028
2029
2036
2039
2040
2041
2046
2049
2050
2053
2054
2055
2059
2060
2061
2062
2063
2066
2067
2074
2075
2076
2079
2081
2083
2084
2087
2089
2092
2093
2094
2095
2097
2101
2105
2106
2109
2111
2115
2116
2117
2118
2119
2123
2126
2130
2131
2134
2138
2139
2140
2142
2143
2144
2147
2155
2156
2157
2159
2171
2173
2177
2186
2187
2190
2191
2194
2208
2217
2218
2227
2228
2229
2239
2245
2246
2261
2281
2302
2303
2306
2308
2309
2310
2315
2320
2331
2335
2346
2354
2355
2357
2358
2359
2362
2368
2370
2372
2373
2379
2381
2385
2388
2390
2391
2396
2397
2398
2403
2411
2420
2423
2430
2431
2437
2440
2446
2448
2451
2454
2463
2471
2474
2476
2489
2492
2494
2496
2500
2501
2509
2513
2518
2519
2520
2526
2529
2544
2546
2549
2556
2560
2565
2571
2572
2579
2589
2593
2598
2600
2604
2611
2621
2629
2631
2634
2637
2660
2667
2668
2669
2670
2673
2686
2697
2710
2729
2731
2732
2742
2752
2757
2758
2769
2770
2781
2797
2800
2802
2803
2805
2806
2810
2811
2813
2817
2824
2829
2832
2835
2843
2850
2854
2856
2863
2865
2869
2887
2888
2895
2896
2898
2899
2900
2909
2910
2912
2914
2925
2928
2961
2965
2972
2982
2989
2992
2993
2994
2995
2999
3005
3008
3017
3018
3047
3052
3055
3058
3061
3065
3067
3069
3090
3093
3094
3102
3107
3127
3139
3150
3153
3154
3155
3158
3159
3163
3164
3168
3170
3175
3181
3187
3188
3190
3194
3196
3202
3203
3205
3207
3214
3223
3225
3227
3228
3230
3233
3236
3237
3239
3242
3249
3250
3251
3253
3262
3263
3265
3274
3277
3280
3291
3292
3293
3296
3298
3299
3301
3302
3303
3304
3307
3325
3326
3327
3330
3331
3332
3333
3334
3335
3336
3344
3346
3347
3348
3349
3351
3352
3353
3355
3360
3363
3367
3368
3372
3373
3374
3376
3377
3378
3382
3383
3384
3388
3390
3392
3393
3394
3397
3398
3399
3401
3402
3403
3404
3405
3406
3407
3408
3409
3410
3411
3414
3415
3417
3418
3419
3422
3423
3426
3427
3428
3430
3431
3432
3433
3435
3440
3445
3449
3450
3451
3454
3457
3460
3465
3466
3468
3469
3470
3471
3472
3474
3475
3477
3478
3479
3486
3487
3488
3490
3492
3493
3497
3500
3503
3506
3508
3510
3511
3516
3517
3519
3520
3524
3525
3527
3528
3529
3534
3535
3537
3544
3548
3550
3554
3558
3561
3571
3572
3575
3579
3584
3588
3590
3591
3592
3593
3594
3595
3598
3601
3605
3608
3614
3615
3619
3620
3621
3622
3623
3627
3629
3630
3631
3634
3635
3636
3637
3638
3639
3658
3662
3663
3664
3665
3675
3676
3679
3681
3682
3683
3684
3687
3689
3695
3696
3697
3700
3702
3704
3705
3706
3707
3708
3709
3710
3711
3713
3718
3719
3722
3724
3725
3726
3729
3730
3731
3732
3734
3735
3738
3739
3743
3746
3749
3750
3751
3752
3754
3757
3758
3759
3761
3762
3765
3766
3767
3768
3769
3773
3775
3776
3777
3778
3779
3781
3782
3784
3787
3788
3790
3795
3797
3798
3800
3801
3802
3803
3804
3806
3809
3810
3814
3815
3816
3818
3819
3821
3822
3824
3825
3826
3827
3828
3829
3831
3833
3834
3836
3838
3839
3840
3841
3842
3843
3844
3845
3846
3847
3848
3849
3850
3851
3852
3853
3854
3855
3857
3858
3859
3860
3861
3862
3863
3864
3865
3867
3868
3869
3870
3872
3873
3874
3875
3876
3877
3878
3880
3881
3882
3883
3884
3885
3886
3887
3888
3890
3891
3892
3893
3894
3895
3897
3898
3899
3900
3901
3902
3903
3904
3905
3907
3908
3909
3910
3911
3912
3913
3914
3915
3916
3917
3918
3919
3920
3921
3922
3924
3927
3928
3929
3931
3932
3933
3934
3935
3936
3937
3938
3940
3943
3944
3945
3946
3947
3948
3949
3950
3951
3952
3953
3954
3955
3956
3957
3958
3959
3960
3961
3962
3963
3964
3992
4002
4003
4011
4029
4031
4032
4033
4034
4039
4040
4041
4042
4045
4046
4048
4049
4050
4051
4053
4054
4055
4056
4057
4058
4061
4062
4063
4064
4065
4066
4067
4071
4072
4073
4074
4075
4076
4077
4078
4079
4080
4081
4082
4084
4085
4086
4087
4089
4090
4091
4092
4093
4096
4097
4098
4099
4102
4103
4104
4105
4108
4109
4110
4111
4112
4114
4115
4118
4120
4121
4122
4123
4125
4127
4128
4129
4131
4134
4135
4136
4137
4138
4139
4140
4141
4142
4143
4144
4145
4146
4148
4149
4150
4151
4153
4154
4155
4158
4162
4163
4164
4165
4166
4167
4168
4170
4171
4173
4175
4176
4177
4178
4179
4180
4181
4182
4183
4184
4187
4188
4189
4190
4197
4199
4200
4201
4204
4205
4206
4207
4209
4211
4213
4214
4215
4216
4217
4218
4219
4220
4221
4222
4224
4227
4228
4229
4230
4231
4233
4234
4236
4237
4238
4239
4241
4242
4244
4245
4246
4247
4248
4249
4250
4251
4252
4254
4257
4258
4259
4260
4264
4265
4266
4268
4270
4271
4272
4275
4276
4278
4284
4297
4298
4302
4303
4304
4306
4307
4308
4309
4310
4311
4312
4313
4314
4315
4316
4317
4320
4321
4322
4323
4324
4325
4326
4329
4330
4331
4335
4336
4337
4338
4339
4341
4342
4344
4347
4348
4349
4350
4351
4353
4354
4355
4357
4358
4359
4361
4362
4363
4364
4367
4368
4370
4371
4372
4373
4374
4375
4377
4379
4381
4382
4383
4384
4385
4386
4387
4388
4389
4390
4391
4393
4394
4397
4398
4399
4400
4401
4402
4403
4404
4405
4406
4407
4408
4409
4410
4411
4412
4413
4416
4417
4418
4419
4420
4421
4423
4424
4425
4427
4429
4430
4431
4432
4433
4434
4435
4436
4437
4438
4439
4440
4442
4443
4444
4445
4446
4447
4448
4449
4450
4451
4452
4457
4458
4462
4464
4465
4466
4468
4469
4470
4471
4472
4473
4474
4475
4477
4478
4479
4480
4481
4485
4486
4487
4490
4491
4492
4493
4494
4495
4496
4497
4498
4500
4501
4502
4503
4504
4505
4506
4508
4509
4511
4512
4513
4514
4515
4516
4517
4518
4521
4522
4524
4525
4526
4527
4528
4529
4530
4534
4535
4537
4538
4539
4542
4543
4544
4546
4547
4548
4549
4550
4552
4553
4554
4555
4558
4559
4561
4562
4564
4565
4567
4568
4571
4572
4573
4574
4576
4577
4578
4579
4580
4581
4583
4585
4586
4587
4588
4589
4590
4591
4594
4595
4596
4597
4598
4599
4600
4603
4605
4607
4608
4609
4610
4613
4615
4616
4617
4618
4620
4622
4623
4624
4625
4626
4627
4628
4629
4630
4631
4635
4636
4638
4639
4640
4641
4642
4643
4644
4645
4648
4651
4652
4653
4654
4655
4656
4657
4658
4659
4660
4661
4662
4663
4664
4665
4666
4667
4670
4671
4672
4673
4674
4675
4676
4677
4678
4679
4680
4681
4682
4683
4685
4686
4687
4688
4689
4690
4691
4692
4693
4694
4695
4696
4698
4699
4700
4701
4702
4703
4704
4705
4706
4707
4708
4709
4710
4711
4712
4713
4714
4715
4716
4717
4719
4720
4722
4723
4724
4729
4730
4731
4734
4735
4736
4737
4739
4742
4743
4746
4748
4749
4750
4751
4752
4753
4755
4756
4757
4759
4760
4762
4763
4764
4765
4766
4767
4768
4770
4771
4772
4773
4774
4775
4776
4777
4780
4782
4783
4784
4785
4786
4788
4789
4790
4792
4794
4795
4796
4798
4801
4805
4806
4807
4808
4809
4810
4811
4812
4813
4815
4816
4818
4819
4821
4822
4823
4824
4825
4826
4828
4829
4830
4831
4832
4833
4834
4835
4838
4839
4840
4841
4842
4850
4852
4853
4854
4855
4856
4857
4858
4860
4861
4862
4863
4864
4865
4866
4867
4868
4869
4870
4872
4873
4874
4875
4876
4877
4878
4879
4880
4881
4882
4883
4884
4886
4888
4889
4891
4892
4893
4894
4896
4897
4899
4900
4901
4904
4905
4906
4908
4909
4910
4911
4913
4914
4915
4916
4917
4918
4920
4921
4922
4923
4924
4925
4926
4927
4928
4930
4931
4933
4934
4935
4936
4937
4938
4939
4940
4942
4943
4944
4945
4946
4947
4949
4950
4951
4952
4953
4954
4955
4957
4958
4960
4961
4964
4965
4966
4967
4968
4970
4971
4972
4974
4975
4976
4977
4978
4979
4981
4982
4983
4984
4985
4986
4987
4988
4989
4991
4992
4993
4995
4996
4998
4999
5000
5001
5002
5003
5004
5005
5006
5007
5008
5009
5010
5011
5012
5013
5014
5016
5017
5018
5019
5020
5021
5022
5024
5025
5026
5027
5028
5029
5030
5031
5032
5033
5034
5035
5036
5037
5038
5039
5040
5041
5042
5043
5045
5046
5047
5048
5049
5050
5051
5052
5053
5054
5055
5056
5057
5058
5059
5061
5063
5064
5065
5066
5067
5068
5069
5070
5071
5072
5074
5075
5076
5077
5078
5079
5080
5081
5082
5084
5085
5086
5087
5088
5089
5090
5091
5092
5093
5094
5095
5096
5097
5098
5099
5100
5101
5103
5104
5105
5106
5107
5108
5109
5110
5111
5112
5113
5114
5115
5116
5117
5118
5119
5120
5121
5122
5123
5124
5125
5126
5127
5128
5129
5130
5131
5132
5134
5135
5136
5137
5138
5139
5140
5141
5142
5143
5144
5145
5146
5147
5148
5149
5150
5152
5153
5154
5155
5156
5157
5158
5160
5161
5162
5163
5165
5166
5167
5168
5169
5170
5171
5172
5173
5174
5175
5177
5178
5179
5180
5181
5182
5183
5184
5186
5187
5188
5189
5190
5191
5192
5193
5195
5196
5197
5198
5201
5202
5203
5204
5206
5207
5208
5209
5210
5211
5213
5214
5215
5216
5217
5218
5220
5221
5222
5223
5224
5225
5226
5227
5229
5230
5231
5232
5233
5234
5235
5237
5238
5241
5242
5243
5244
5247
5248
5249
5250
5251
5253
5255
5260
5263
5264
5266
5268
5269
5270
5274
5276
5277
5278
5279
5280
5281
5282
5283
5284
5285
5286
5287
5289
5290
5291
5292
5293
5294
5295
5296
5297
5298
5299
5300
5301
5302
5303
5304
5305
5306
5307
5308
5310
5311
5312
5313
5314
5315
5316
5317
5318
5319
5320
5321
5322
5323
5324
5325
5326
5327
5329
5330
5331
5332
5334
5335
5336
5337
5338
5339
5340
5341
5342
5343
5344
5345
5346
5347
5348
5350
5351
5352
5353
5354
5355
5356
5364
5366
5367
5368
5370
5373
5374
5375
5376
5377
5378
5379
5380
5381
5382
5383
5384
5385
5386
5387
5388
5389
5390
5391
5392
5393
5394
5395
5396
5397
5398
5399
5400
5401
5402
5403
5404
5405
5406
5407
5408
5409
5410
5411
5412
5413
5414
5415
5417
5418
5419
5420
5422
5423
5424
5425
5426
5427
5429
5430
5432
5433
5434
5435
5436
5437
5438
5439
5440
5441
5442
5445
5447
5448
5455
5456
5459
5462
5464
5466
5467
5468
5469
5470
5471
5472
5473
5474
5475
5476
5477
5478
5479
5480
5482
5483
5484
5485
5486
5487
5488
5489
5490
5491
5492
5493
5494
5495
5496
5497
5498
5499
5500
5501
5502
5503
5504
5505
5506
5507
5508
5509
5510
5511
5512
5513
5515
5516
5517
5518
5519
5520
5521
5522
5523
5524
5525
5526
5527
5528
5529
5530
5531
5532
5533
5534
5535
5536
5537
5538
5539
5540
5543
5544
5545
5546
5548
5549
5550
5551
5552
5554
5555
5556
5557
5558
5559
5560
5561
5562
5570
5578
5579
5581
5582
5583
5584
5585
5586
5587
5588
5589
5590
5591
5592
5593
5594
5595
5596
5597
5598
5599
5600
5601
5602
5603
5604
5605
5606
5608
5609
5610
5611
5612
5613
5614
5615
5616
5617
5618
5620
5621
5622
5623
5624
5628
5629
5630
5631
5632
5633
5634
5635
5636
5638
5639
5640
5641
5642
5643
5644
5645
5646
5647
5648
5649
5650
5651
5652
5665
5666
5668
5669
5670
5690
5692
5693
5694
5696
5697
5700
5701
5702
5703
5704
5705
5706
5707
5708
5709
5710
5711
5712
5713
5714
5715
5716
5717
5718
5719
5720
5721
5722
5723
5724
5727
5728
5729
5731
5737
5738
5740
5741
5742
5743
5748
5749
5752
5753
5754
5755
5758
5759
5762
5763
5765
5766
5769
5770
5771
5772
5774
5777
5778
5779
5780
5782
5787
5788
5789
5791
5792
5793
5794
5795
5796
5799
5801
5813
5815
5818
5820
5826
5827
5828
5829
5832
5833
5834
5835
5837
5838
5839
5841
5846
5847
5848
5849
5850
5851
5852
5853
5855
5858
5859
5860
5861
5862
5863
5866
5867
5868
5869
5871
5872
5873
5875
5878
5881
5882
5883
5884
5885
5886
5887
5890
5893
5894
5898
5900
5902
5907
5909
5913
5916
5920
5921
5924
5929
5931
5933
5934
5935
5943
5944
5945
5948
5950
5953
5955
5956
5957
5959
5960
5962
5966
5968
5971
5973
5974
5975
5976
5977
5979
5982
5983
5984
5985
5986
5988
5989
5990
5992
5993
5994
5996
6000
6001
6003
6004
6005
6007
6008
6009
6010
6011
6012
6013
6014
6015
6017
6020
6021
6022
6023
6024
6025
6027
6028
6029
6030
6032
6033
6034
6035
6036
6038
6039
6042
6047
6051
6052
6053
6055
6056
6057
6059
6060
6062
6063
6064
6066
6068
6073
6076
6085
6086
6093
6095
6096
6097
6098
6099
6100
6101
6104
6105
6106
6116
6117
6118
6119
6120
6122
6123
6128
6130
6131
6133
6135
6136
6138
6139
6141
6142
6145
6148
6150
6155
6156
6161
6164
6168
6174
6177
6179
6180
6181
6183
6185
6186
6189
6194
6198
6199
6202
6212
6213
6218
6221
6225
6227
6228
6229
6233
6234
6236
6237
6239
6240
6242
6248
6250
6252
6253
6265
6266
6267
6271
6272
6273
6276
6277
6279
6283
6285
6286
6287
6288
6291
6298
6299
6308
6314
6315
6318
6319
6322
6325
6327
6329
6330
6332
6333
6336
6339
6341
6342
6343
6344
6346
6349
6350
6354
6356
6359
6363
6364
6365
6366
6368
6369
6370
6375
6376
6377
6378
6379
6381
6382
6383
6384
6385
6386
6387
6388
6389
6390
6391
6393
6396
6397
6398
6401
6402
6407
6408
6410
6411
6414
6415
6418
6419
6420
6422
6425
6426
6427
6432
6433
6434
6435
6437
6439
6440
6441
6442
6443
6447
6448
6449
6450
6451
6452
6455
6456
6458
6460
6461
6463
6464
6466
6467
6468
6469
6470
6471
6473
6476
6478
6479
6480
6481
6483
6484
6485
6486
6489
6491
6494
6498
6503
6504
6505
6506
6507
6510
6512
6513
6514
6515
6516
6517
6520
6521
6522
6523
6524
6525
6526
6528
6530
6532
6535
6537
6538
6539
6540
6542
6543
6544
6545
6547
6552
6553
6554
6556
6558
6560
6561
6562
6563
6565
6566
6567
6572
6573
6574
6575
6576
6577
6579
6581
6582
6583
6586
6587
6589
6591
6595
6597
6600
6601
6602
6603
6604
6606
6607
6609
6614
6615
6616
6621
6622
6623
6624
6626
6627
6628
6629
6632
6635
6640
6641
6643
6645
6646
6647
6648
6649
6652
6653
6654
6655
6658
6659
6660
6661
6662
6664
6666
6668
6669
6670
6674
6675
6676
6677
6678
6682
6683
6686
6687
6689
6690
6691
6692
6693
6694
6695
6696
6698
6699
6705
6706
6707
6711
6712
6713
6719
6720
6721
6722
6723
6724
6725
6726
6727
6731
6742
6743
6744
6745
6746
6747
6748
6749
6750
6751
6752
6753
6754
6755
6756
6757
6758
6759
6760
6761
6762
6763
6764
6765
6766
6767
6768
6769
6770
6771
6772
6773
6774
6775
6776
6777
6778
6779
6787
6788
6790
6791
6792
6793
6794
6795
6796
6797
6799
6800
6801
6802
6803
6804
6805
6806
6807
6808
6809
6810
6811
6812
6814
6815
6816
6817
6818
6819
6820
6821
6822
6823
6824
6825
6827
6828
6829
6830
6833
6834
6835
6836
6837
6838
6839
6841
6842
6843
6844
6845
6846
6847
6848
6849
6850
6851
6852
6853
6854
6855
6856
6857
6858
6859
6860
6861
6862
6864
6865
6866
6867
6868
6869
6870
6871
6872
6873
6874
6876
6877
6878
6880
6881
6882
6883
6885
6886
6887
6888
6889
6890
6891
6892
6893
6894
6895
6897
6898
6899
6901
6903
6904
6905
6906
6907
6908
6909
6910
6911
6912
6913
6915
6916
6917
6918
6919
6920
6921
6922
6923
6924
6926
6927
6928
6929
6930
6931
6932
6933
6934
6935
6936
6937
6938
6939
6940
6941
6942
6943
6944
6945
6946
6947
6948
6949
6950
6951
6953
6954
6955
6956
6957
6958
6959
6960
6961
6962
6963
6964
6965
6966
6967
6968
6969
6970
6971
6972
6973
6974
6975
6976
6977
6978
6979
6980
6981
6982
6983
6984
6985
6986
6987
6988
6989
6990
6991
6992
6993
6994
6995
6997
6999
7000
7001
7002
7008
7014
7015
7016
7017
7018
7019
7020
7021
7022
7023
7025
7026
7027
7028
7029
7030
7031
7032
7033
7034
7035
7036
7037
7038
7039
7041
7042
7043
7044
7050
7051
7052
7053
7054
7055
7056
7057
7058
7059
7060
7061
7063
7064
7065
7066
7067
7069
7070
7071
7072
7073
7074
7075
7076
7077
7078
7079
7080
7081
7082
7083
7084
7086
7087
7088
7089
7090
7091
7092
7093
7094
7095
7096
7097
7098
7099
7100
7101
7104
7105
7106
7107
7108
7109
7110
7111
7112
7113
7114
7115
7116
7117
7118
7119
7120
7121
7122
7123
7124
7125
7126
7128
7129
7130
7131
7132
7133
7134
7135
7136
7137
7138
7140
7141
7142
7143
7144
7146
7147
7148
7149
7150
7151
7152
7153
7154
7155
7156
7157
7158
7159
7160
7161
7162
7163
7164
7165
7166
7167
7168
7169
7170
7171
7172
7173
7174
7175
7176
7177
7178
7179
7180
7182
7183
7184
7185
7186
7187
7188
7189
7190
7191
7192
7194
7195
7196
7197
7198
7199
7200
7201
7202
7203
7204
7205
7206
7207
7208
7209
7210
7211
7212
7213
7214
7215
7216
7217
7218
7219
7220
7221
7222
7224
7225
7227
7229
7230
7231
7233
7234
7235
7236
7237
7238
7239
7241
7242
7243
7244
7245
7246
7247
7248
7249
7250
7287
7288
7289
7290
7291
7292
7293
7294
7295
7296
7297
7298
7299
7300
7301
7302
7303
7304
7305
7306
7307
7308
7309
7310
7311
7312
7317
7319
7320
7321
7322
7323
7324
7325
7327
7329
7330
7331
7332
7333
7335
7336
7337
7338
7339
7340
7341
7342
7343
7345
7346
7347
7348
7349
7350
7351
7352
7354
7355
7356
7357
7358
7359
7360
7361
7362
7363
7365
7366
7367
7368
7373
7374
7375
7378
7379
7380
7381
7384
7385
7387
7394
7395
7396
7397
7398
7399
7400
7402
7403
7404
7407
7408
7409
7410
7414
7415
7416
7420
7421
7425
7426
7429
7430
7431
7432
7433
7434
7435
7436
7437
7438
7439
7440
7441
7442
7443
7444
7446
7447
7453
7455
7456
7466
7471
7472
7475
7476
7477
7478
7479
7480
7481
7483
7484
7485
7486
7487
7491
7492
7497
7498
7499
7500
7501
7502
7503
7504
7505
7507
7508
7509
7511
7512
7513
7514
7515
7516
7517
7518
7519
7521
7522
7524
7525
7531
7532
7534
7536
7537
7539
7540
7542
7544
7545
7546
7547
7549
7551
7552
7553
7556
7557
7561
7563
7566
7567
7569
7570
7571
7572
7573
7577
7578
7580
7581
7582
7584
7587
7588
7590
7592
7593
7594
7597
7598
7601
7602
7609
7610
7611
7615
7616
7619
7620
7621
7623
7625
7626
7627
7628
7629
7630
7631
7633
7634
7635
7636
7638
7639
7641
7642
7643
7644
7645
7646
7647
7651
7653
7654
7655
7657
7658
7662
7664
7666
7667
7669
7671
7673
7674
7676
7677
7678
7679
7681
7682
7687
7689
7690
7693
7694
7695
7697
7698
7699
7700
7701
7703
7704
7705
7708
7709
7710
7711
7712
7713
7714
7715
7716
7717
7719
7720
7721
7723
7726
7727
7731
7732
7734
7738
7739
7740
7741
7742
7743
7744
7745
7746
7747
7748
7749
7750
7753
7754
7755
7756
7757
7758
7760
7762
7765
7766
7767
7768
7769
7770
7771
7772
7773
7775
7776
7777
7778
7781
7784
7785
7788
7789
7790
7791
7794
7800
7802
7803
7804
7805
7806
7807
7808
7810
7813
7814
7815
7816
7818
7819
7820
7822
7823
7825
7826
7827
7828
7830
7831
7832
7836
7838
7840
7841
7842
7843
7844
7845
7846
7862
7863
7864
7866
7867
7869
7870
7871
7872
7875
7876
7878
7879
7880
7882
7884
7885
7886
7889
7891
7893
7894
7895
7896
7897
7899
7900
7901
7902
7903
7905
7906
7907
7908
7909
7910
7911
7912
7913
7914
7915
7917
7918
7919
7920
7921
7922
7923
7924
7926
7928
7930
7931
7932
7933
7934
7935
7936
7937
7938
7939
7940
7941
7943
7944
7947
7948
7949
7950
7951
7952
7953
7972
7973
7974
7975
7976
7977
7978
7979
7980
7981
7982
7983
7985
7986
7988
7989
7990
7992
7993
7994
7995
7996
7997
7998
7999
8000
8001
8002
8003
8005
8006
8007
8011
8015
8016
8017
8018
8021
8022
8023
8024
8025
8026
8027
8028
8029
8030
8031
8032
8036
8037
8038
8041
8042
8043
8044
8045
8046
8047
8048
8049
8050
8051
8053
8054
8056
8058
8060
8061
8062
8063
8069
8070
8071
8072
8073
8074
8075
8076
8077
8078
8080
8081
8083
8087
8089
8090
8091
8092
8093
8096
8097
8100
8102
8103
8104
8105
8106
8107
8108
8109
8111
8112
8114
8115
8116
8120
8121
8122
8123
8125
8126
8127
8128
8130
8131
8133
8135
8136
8138
8139
8140
8142
8143
8145
8146
8147
8149
8150
8152
8153
8154
8155
8157
8158
8159
8160
8162
8163
8164
8165
8166
8167
8168
8169
8171
8172
8179
8180
8181
8183
8184
8186
8188
8189
8191
8192
8194
8195
8196
8197
8198
8199
8200
8201
8203
8204
8206
8208
8209
8210
8211
8213
8215
8217
8218
8220
8221
8222
8223
8226
8227
8228
8229
8230
8231
8232
8233
8242
8243
8245
8246
8247
8248
8249
8250
8251
8252
8253
8254
8255
8256
8257
8258
8259
8260
8261
8262
8263
8265
8266
8267
8268
8269
8270
8271
8272
8273
8275
8276
8277
8278
8279
8280
8281
8282
8283
8284
8286
8287
8288
8289
8290
8291
8292
8293
8294
8295
8296
8297
8298
8299
8300
8301
8302
8303
8305
8306
8307
8308
8309
8310
8311
8314
8315
8316
8317
8318
8319
8320
8321
8322
8323
8324
8326
8327
8328
8330
8331
8332
8333
8334
8335
8336
8337
8338
8339
8340
8341
8342
8343
8344
8345
8346
8348
8349
8351
8352
8353
8354
8355
8356
8357
8358
8359
8360
8361
8362
8363
8364
8365
8366
8368
8369
8370
8371
8372
8373
8374
8375
8399
8400
8405
8409
8410
8413
8414
8418
8425
8426
8427
8429
8430
8433
8435
8436
8439
8440
8441
8444
8452
8453
8454
8457
8459
8461
8462
8464
8465
8466
8473
8476
8477
8481
8483
8485
8486
8487
8489
8490
8491
8492
8493
8495
8496
8498
8499
8500
8502
8503
8504
8508
8509
8510
8511
8512
8513
8514
8516
8517
8518
8520
8521
8522
8524
8526
8527
8528
8529
8530
8532
8533
8537
8538
8539
8540
8543
8545
8547
8548
8550
8556
8581
8587
8613
8645
8646
8647
8648
8666
8705
8724
8732
8733
8758
8764
8778
8779
8786
8792
8799
8800
8801
8802
8803
8804
8805
8806
8807
8808
8821
8822
8823
8824
8830
8842
8843
8851
8929
8935
8952
8960
8973
8999
9003
9072
9098
9131
9132
9133
9138
9146
9202
9229
9230
9231
9232
9233
9234
9235
9236
9237
9238
9239
9240
9250
9251
9274
9328
9329
9340
9342
9343
9346
9347
9348
9349
9350
9357
9358
9359
9360
9361
9362
9364
9370
9373
9374
9376
9383
9384
9387
9388
9389
9390
9391
9404
9405
9406
9407
9408
9417
9418
9420
9421
9430
9431
9433
9434
9444
9445
9446
9447
9448
9459
9460
9461
9462
9463
9464
9470
9473
9474
9476
9483
9484
9485
9487
9488
9501
9502
9503
9504
9505
9511
9521
9534
9535
9537
9538
9547
9549
9550
9563
9564
9565
9566
9569
9570
9571
9572
9573
9574
9577
9578
9579
9580
9581
9583
9584
9585
9586
9587
9588
9589
9593
9600
9605
9614
9616
9630
9633
9634
9635
9636
9642
9643
9644
9645
9647
9648
9649
9650
9651
9652
9653
9654
9655
9656
9657
9658
9659
9661
9662
9663
9664
9665
9666
9667
9668
9670
9671
9673
9674
9675
9676
9677
9678
9681
9683
9684
9686
9687
9688
9689
9690
9691
9692
9693
9695
9696
9697
9699
9700
9701
9702
9703
9704
9705
9707
9709
9710
9711
9712
9714
9715
9716
9717
9718
9738
9766
9772
9774
9775
9776
9777
9779
9780
9782
9783
9798
9800
9803
9809
9810
9813
9814
9820
9824
9829
9830
9831
9834
9836
9847
9848
9849
9851
9853
9857
9861
9865
9871
9872
9875
9879
9880
9882
9884
9885
9888
9890
9891
9898
9901
9903
9905
9907
9911
9916
9919
9920
9925
9930
9933
9934
9935
9936
9937
9938
9940
9945
9946
9948
9949
9951
9953
9954
9957
9958
9961
9962
9965
9968
9970
9973
9981
9982
9991
10000
10006
10007
10016
10017
10020
10023
10024
10026
10032
10036
10038
10041
10042
10052
10055
10057
10061
10065
10066
10067
10068
10069
10070
10074
10076
10079
10085
10086
10087
10089
10090
10091
10092
10093
10094
10095
10096
10097
10100
10101
10102
10103
10104
10106
10107
10108
10109
10146
10153
10154
10155
10157
10158
10159
10160
10161
10162
10173
10175
10177
10178
10181
10185
10210
10215
10216
10224
10227
10268
10285
10296
10301
10375
10386
10389
10390
10403
10436
10437
10438
10446
10447
10448
10449
10452
10458
10459
10460
10461
10462
10463
10464
10465
10466
10467
10468
10469
10470
10471
10473
10477
10478
10479
10480
10481
10482
10483
10484
10485
10486
10487
10488
10489
10490
10491
10492
10493
10495
10496
10497
10498
10499
10500
10501
10502
10503
10509
10510
10511
10512
10513
10514
10515
10516
10517
10525
10526
10530
10531
10533
10534
10535
10536
10573
10577
10581
10582
10583
10586
10587
10596
10610
10611
10612
10613
10614
10615
10616
10617
10618
10619
10620
10621
10622
10623
10624
10638
10639
10640
10641
10642
10643
10644
10645
10654
10655
10657
10658
10659
10660
10661
10662
10664
10665
10666
10668
10669
10694
10695
10696
10699
10700
10701
10702
10703
10704
10705
10706
10707
10708
10709
10710
10711
10712
10713
10714
10715
10716
10717
10718
10719
10720
10721
10722
10723
10735
10736
10737
10738
10739
10740
10741
10742
10743
10744
10745
10746
10747
10748
10750
10751
10752
10753
10754
10755
10756
10757
10758
10759
10760
10761
10762
10763
10764
10765
10766
10767
10768
10769
10771
10772
10773
10774
10775
10776
10777
10778
10779
10780
10781
10782
10783
10785
10786
10787
10788
10789
10792
10793
10795
10796
10797
10798
10799
10800
10805
10806
10807
10808
10810
10811
10813
10814
10815
10816
10821
10822
10823
10824
10825
10826
10827
10828
10829
10830
10831
10832
10833
10834
10835
10836
10837
10838
10839
10840
10841
10842
10843
10844
10845
10846
10847
10848
10849
10850
10851
10852
10853
10854
10855
10856
10857
10858
10859
10860
10861
10862
10863
10865
10866
10867
10868
10869
10870
10871
10872
10873
10874
10875
10876
10877
10878
10879
10880
10881
10882
10883
10884
10885
10886
10887
10888
10889
10890
10891
10892
10893
10894
10895
10896
10897
10898
10899
10900
10901
10902
10903
10904
10905
10906
10907
10908
10909
10910
10911
10932
10933
10934
10935
10944
10945
10946
10948
10949
10950
10951
10952
10953
10954
10955
10956
10957
10958
10959
10960
10964
10970
10971
10972
10973
10974
10975
10976
10977
10978
10979
10980
10981
10982
10983
10984
10985
10986
10987
10988
10990
10991
10992
10993
10994
10995
10996
11010
11012
11013
11014
11016
11017
11018
11019
11020
11021
11022
11023
11024
11026
11028
11029
11030
11031
11032
11033
11035
11036
11037
11039
11040
11041
11042
11043
11044
11045
11046
11070
11080
11081
11185
11224
11270
11294
11295
11296
11297
11298
11299
11300
11301
11363
11376
11439
11444
11445
11446
11447
11455
11456
11457
11458
11459
11460
11461
11462
11463
11464
11465
11466
11467
11468
11469
11470
11471
11472
11473
11474
11475
11476
11477
11478
11479
11480
11481
11482
11590
11703
11841
11842
11843
11844
11845
11846
11847
11848
11849
11850
11851
11852
11853
11854
11855
11856
11857
11858
11859
11860
11861
11862
11863
11867
11868
11869
11870
11871
11872
11873
11874
11875
11876
11877
11878
11879
11880
11881
11882
11883
11884
11885
11886
11889
11890
11891
11892
11896
11897
11899
11900
11911
11912
11913
11914
11915
11928
11929
11930
11931
11934
11935
11936
11937
11938
11939
11945
11946
11947
11949
11956
11957
11958
11959
11960
11961
11962
11963
11964
11965
11967
11968
11969
11970
11972
11973
11974
11978
11979
11980
11981
11982
11983
11984
11985
11990
11991
11992
12000
12001
12002
12003
12004
12005
12006
12007
12009
12011
12014
12015
12016
12017
12018
12019
12020
12027
12028
12029
12030
12031
12037
12038
12039
12040
12041
12042
12043
12044
12045
12046
12047
12048
12050
12051
12052
12054
12055
12056
12057
12058
12059
12060
12061
12062
12063
12070
12071
12072
12073
12074
12075
12076
12077
12078
12079
12080
12081
12082
12083
12084
12085
12086
12087
12088
12091
12092
12093
12094
12095
12096
12097
12098
12099
12100
12101
12102
12103
12104
12105
12106
12107
12108
12109
12110
12111
12112
12113
12114
12115
12116
12117
12118
12120
12121
12122
12123
12124
12125
12126
12127
12128
12129
12130
12131
12132
12133
12134
12135
12137
12138
12139
12140
12141
12142
12143
12144
12145
12146
12147
12148
12149
12150
12151
12152
12153
12154
12155
12156
12157
12158
12159
12160
12161
12162
12163
12164
12165
12166
12167
12168
12169
12170
12171
12172
12173
12174
12175
12176
12177
12178
12179
12180
12181
12182
12183
12184
12185
12186
12187
12188
12189
12190
12191
12192
12193
12194
12195
12196
12197
12198
12199
12200
12201
12202
12203
12204
12205
12206
12207
12208
12209
12211
12212
12213
12214
12215
12216
12217
12218
12219
12220
12221
12222
12223
12224
12225
12226
12227
12228
12229
12230
12231
12232
12233
12234
12235
12236
12237
12238
12239
12240
12241
12242
12243
12244
12245
12246
12247
12248
12249
12250
12251
12253
12254
12255
12256
12257
12258
12259
12260
12261
12262
12263
12264
12265
12266
12267
12268
12269
12270
12271
12272
12273
12274
12276
12277
12279
12280
12281
12282
12283
12284
12285
12286
12287
12288
12289
12290
12291
12292
12293
12294
12295
12296
12297
12298
12299
12300
12301
12302
12303
12304
12305
12306
12307
12308
12309
12310
12311
12312
12313
12314
12315
12316
12317
12318
12319
12320
12321
12322
12323
12324
12325
12326
12327
12328
12329
12330
12331
12332
12333
12334
12335
12336
12337
12338
12339
12340
12341
12342
12343
12344
12345
12346
12347
12348
12349
12350
12351
12352
12353
12354
12355
12356
12357
12358
12359
12360
12361
12362
12363
12364
12365
12366
12367
12368
12369
12370
12371
12372
12373
12374
12375
12376
12377
12378
12379
12380
12381
12382
12383
12384
12385
12386
12387
12388
12389
12390
12391
12392
12393
12394
12395
12396
12397
12398
12399
12400
12401
12402
12403
12404
12405
12406
12407
12408
12409
12410
12411
12412
12413
12414
12415
12416
12417
12418
12419
12420
12421
12422
12423
12424
12425
12426
12427
12428
12429
12430
12431
12432
12433
12434
12435
12436
12437
12438
12439
12440
12441
12442
12443
12444
12445
12446
12447
12448
12449
12450
12451
12452
12453
12454
12455
12456
12457
12458
12459
12460
12461
12462
12463
12464
12465
12466
12467
12468
12469
12470
12471
12472
12473
12474
12475
12476
12477
12478
12479
12480
12481
12482
12483
12484
12485
12486
12487
12488
12489
12490
12491
12492
12493
12494
12495
12496
12497
12498
12499
12500
12501
12502
12503
12504
12505
12506
12507
12508
12509
12510
12511
12512
12513
12514
12515
12516
12517
12518
12519
12520
12521
12522
12523
12524
12525
12526
12527
12528
12529
12530
12531
12532
12533
12534
12535
12536
12537
12538
12539
12540
12541
12542
12543
12544
12545
12546
12547
12548
12549
12550
12551
12552
12553
12554
12555
12556
12557
12558
12559
12560
12561
12562
12563
12564
12565
12566
12567
12568
12569
12570
12571
12572
12573
12574
12575
12576
12577
12578
12579
12580
12581
12582
12583
12584
12585
12586
12587
12588
12589
12590
12591
12592
12593
12594
12595
12596
12597
12598
12599
12600
12601
12602
12603
12604
12605
12606
12607
12608
12609
